100000000000
100000000000
000010000000
000010000000
000001000000
000001000000
000010000000
000000000000
000100000000
000100000000
001000000000
001000000000
010000000000
010000000000
100000000000
000000000000
000010000000
000010000000
000100000000
000100000000
001000000000
001000000000
010000000000
000000000000
000010000000
000010000000
000100000000
000100000000
001000000000
001000000000
010000000000
000000000000
100000000000
100000000000
000010000000
000010000000
000001000000
000001000000
000010000000
000000000000
000100000000
000100000000
001000000000
001000000000
010000000000
010000000000
100000000000
000000000000